{
 "cells": [
  {
   "attachments": {},
   "cell_type": "markdown",
   "metadata": {
    "application/vnd.databricks.v1+cell": {
     "cellMetadata": {
      "byteLimit": 2048000,
      "rowLimit": 10000
     },
     "inputWidgets": {},
     "nuid": "1150ad03-d27d-41cd-9d3e-5d717b80a08e",
     "showTitle": false,
     "title": ""
    }
   },
   "source": [
    "## First we initialize our globals"
   ]
  },
  {
   "cell_type": "code",
   "execution_count": 2,
   "metadata": {},
   "outputs": [],
   "source": [
    "%load_ext autoreload\n",
    "%autoreload 2"
   ]
  },
  {
   "cell_type": "code",
   "execution_count": 3,
   "metadata": {},
   "outputs": [],
   "source": [
    "from databricks.connect import DatabricksSession\n",
    "spark = DatabricksSession.builder.getOrCreate()"
   ]
  },
  {
   "cell_type": "code",
   "execution_count": null,
   "metadata": {},
   "outputs": [],
   "source": []
  },
  {
   "cell_type": "code",
   "execution_count": 4,
   "metadata": {},
   "outputs": [],
   "source": [
    "# add project dir to python path\n",
    "try:\n",
    "    notebook_path = dbutils.notebook.entry_point.getDbutils().notebook().getContext().notebookPath().get()\n",
    "    import sys, os\n",
    "    sys.path.append(\"/Workspace\" + os.path.dirname(os.path.dirname(notebook_path)))\n",
    "except:\n",
    "    pass"
   ]
  },
  {
   "cell_type": "markdown",
   "metadata": {},
   "source": [
    "# Read in cow Data"
   ]
  },
  {
   "cell_type": "code",
   "execution_count": 8,
   "metadata": {
    "application/vnd.databricks.v1+cell": {
     "cellMetadata": {
      "byteLimit": 2048000,
      "rowLimit": 10000
     },
     "inputWidgets": {},
     "nuid": "db31f2e5-6f73-4b4a-9735-48e5fb1a4cea",
     "showTitle": false,
     "title": ""
    }
   },
   "outputs": [],
   "source": [
    "# load table into spark dataframe\n",
    "cows_bff = spark.read.table(\"field_demos.db.cows_bff\")"
   ]
  },
  {
   "attachments": {},
   "cell_type": "markdown",
   "metadata": {
    "application/vnd.databricks.v1+cell": {
     "cellMetadata": {
      "byteLimit": 2048000,
      "rowLimit": 10000
     },
     "inputWidgets": {},
     "nuid": "e077744e-aee4-462b-b53c-d34955da8e92",
     "showTitle": false,
     "title": ""
    }
   },
   "source": [
    "## Some graphs and charts"
   ]
  },
  {
   "attachments": {},
   "cell_type": "markdown",
   "metadata": {
    "application/vnd.databricks.v1+cell": {
     "cellMetadata": {
      "byteLimit": 2048000,
      "rowLimit": 10000
     },
     "inputWidgets": {},
     "nuid": "a06f52cf-3601-4fa5-8041-bd1df249f2be",
     "showTitle": false,
     "title": ""
    }
   },
   "source": [
    "## Lets compute meal overlap"
   ]
  },
  {
   "cell_type": "code",
   "execution_count": 9,
   "metadata": {},
   "outputs": [
    {
     "data": {
      "text/html": [
       "<table border=\"1\" class=\"dataframe\">\n",
       "  <thead>\n",
       "    <tr style=\"text-align: right;\">\n",
       "      <th></th>\n",
       "      <th>cow1</th>\n",
       "      <th>cow2</th>\n",
       "      <th>distance</th>\n",
       "    </tr>\n",
       "  </thead>\n",
       "  <tbody>\n",
       "    <tr>\n",
       "      <th>0</th>\n",
       "      <td>Brandy</td>\n",
       "      <td>Buttercup</td>\n",
       "      <td>1232.923077</td>\n",
       "    </tr>\n",
       "    <tr>\n",
       "      <th>1</th>\n",
       "      <td>Brandy</td>\n",
       "      <td>Butterscotch</td>\n",
       "      <td>1162.461538</td>\n",
       "    </tr>\n",
       "    <tr>\n",
       "      <th>2</th>\n",
       "      <td>Brandy</td>\n",
       "      <td>Cocoa</td>\n",
       "      <td>1000.307692</td>\n",
       "    </tr>\n",
       "    <tr>\n",
       "      <th>3</th>\n",
       "      <td>Brandy</td>\n",
       "      <td>Daisy</td>\n",
       "      <td>819.384615</td>\n",
       "    </tr>\n",
       "    <tr>\n",
       "      <th>4</th>\n",
       "      <td>Brandy</td>\n",
       "      <td>Dottie</td>\n",
       "      <td>1130.538462</td>\n",
       "    </tr>\n",
       "    <tr>\n",
       "      <th>5</th>\n",
       "      <td>Brandy</td>\n",
       "      <td>Hershey</td>\n",
       "      <td>1146.230769</td>\n",
       "    </tr>\n",
       "    <tr>\n",
       "      <th>6</th>\n",
       "      <td>Brandy</td>\n",
       "      <td>Magic</td>\n",
       "      <td>1489.076923</td>\n",
       "    </tr>\n",
       "    <tr>\n",
       "      <th>7</th>\n",
       "      <td>Brandy</td>\n",
       "      <td>Marshmallow</td>\n",
       "      <td>1152.538462</td>\n",
       "    </tr>\n",
       "    <tr>\n",
       "      <th>8</th>\n",
       "      <td>Brandy</td>\n",
       "      <td>Mocha</td>\n",
       "      <td>1000.307692</td>\n",
       "    </tr>\n",
       "    <tr>\n",
       "      <th>9</th>\n",
       "      <td>Brandy</td>\n",
       "      <td>Muffin</td>\n",
       "      <td>1016.307692</td>\n",
       "    </tr>\n",
       "  </tbody>\n",
       "</table>"
      ],
      "text/plain": [
       "DataFrame[cow1: string, cow2: string, distance: double]"
      ]
     },
     "metadata": {},
     "output_type": "display_data"
    }
   ],
   "source": [
    "from cow_bff.heatmap import compute_heatmap\n",
    "\n",
    "df = compute_heatmap(cows_bff)\n",
    "\n",
    "display(df.limit(10))"
   ]
  },
  {
   "attachments": {},
   "cell_type": "markdown",
   "metadata": {},
   "source": [
    "# Display Heatmap"
   ]
  },
  {
   "cell_type": "code",
   "execution_count": 10,
   "metadata": {},
   "outputs": [
    {
     "data": {
      "application/vnd.plotly.v1+json": {
       "config": {
        "plotlyServerURL": "https://plot.ly"
       },
       "data": [
        {
         "coloraxis": "coloraxis",
         "hovertemplate": "Cow 2: %{x}<br>Cow 1: %{y}<br>Distance: %{z}<extra></extra>",
         "name": "0",
         "type": "heatmap",
         "x": [
          "Brandy",
          "Buttercup",
          "Butterscotch",
          "Cocoa",
          "Daisy",
          "Dottie",
          "Hershey",
          "Magic",
          "Marshmallow",
          "Mocha",
          "Muffin",
          "Nellie",
          "Nutella",
          "Peaches",
          "Popcorn"
         ],
         "xaxis": "x",
         "y": [
          "Brandy",
          "Buttercup",
          "Butterscotch",
          "Cocoa",
          "Daisy",
          "Dottie",
          "Hershey",
          "Magic",
          "Marshmallow",
          "Mocha",
          "Muffin",
          "Nellie",
          "Nutella",
          "Peaches",
          "Popcorn"
         ],
         "yaxis": "y",
         "z": [
          [
           0,
           1232.923076923077,
           1162.4615384615386,
           1000.3076923076923,
           819.3846153846154,
           1130.5384615384614,
           1146.2307692307693,
           1489.076923076923,
           1152.5384615384614,
           1000.3076923076923,
           1016.3076923076923,
           1355.6923076923076,
           1118.5384615384614,
           1045.076923076923,
           1152.7692307692307
          ],
          [
           1232.923076923077,
           0,
           1166.7692307692307,
           1402.076923076923,
           1221.1538461538462,
           1476.7692307692307,
           1196.3846153846155,
           963.3846153846154,
           1136.7692307692307,
           1402.076923076923,
           1128.3846153846155,
           1280.6153846153845,
           1469.1538461538462,
           1073.923076923077,
           1441.1538461538462
          ],
          [
           1162.4615384615386,
           1166.7692307692307,
           0,
           1508.3076923076924,
           1485.3076923076924,
           1216.4615384615386,
           1122.5384615384614,
           1388.7692307692307,
           1277.7692307692307,
           1508.3076923076924,
           1333,
           1489.3846153846155,
           1197.1538461538462,
           848.6153846153846,
           1554.2307692307693
          ],
          [
           1000.3076923076923,
           1402.076923076923,
           1508.3076923076924,
           0,
           946.3076923076923,
           982.3076923076923,
           1303.3846153846155,
           927.2307692307693,
           1225.6923076923076,
           1127.3076923076924,
           988.2307692307693,
           1437.4615384615386,
           1138.4615384615386,
           917,
           1537.1538461538462
          ],
          [
           819.3846153846154,
           1221.1538461538462,
           1485.3076923076924,
           946.3076923076923,
           0,
           1247.923076923077,
           1075.6153846153845,
           1333.923076923077,
           1329.076923076923,
           946.3076923076923,
           1058.923076923077,
           1275.2307692307693,
           1055.4615384615386,
           718.6153846153846,
           1101.2307692307693
          ],
          [
           1130.5384615384614,
           1476.7692307692307,
           1216.4615384615386,
           982.3076923076923,
           1247.923076923077,
           0,
           1114.8461538461538,
           1353.4615384615386,
           1296.3846153846155,
           982.3076923076923,
           1119.3076923076924,
           1492.6153846153845,
           1365.3846153846155,
           812.9230769230769,
           1129.6923076923076
          ],
          [
           1146.2307692307693,
           1196.3846153846155,
           1122.5384615384614,
           1303.3846153846155,
           1075.6153846153845,
           1114.8461538461538,
           0,
           1353.6153846153845,
           1295.923076923077,
           1303.3846153846155,
           1305.3846153846155,
           1541.6923076923076,
           1070.6923076923076,
           1080.5384615384614,
           1594.5384615384614
          ],
          [
           1489.076923076923,
           963.3846153846154,
           1388.7692307692307,
           927.2307692307693,
           1333.923076923077,
           1353.4615384615386,
           1353.6153846153845,
           0,
           1355.3846153846155,
           927.2307692307693,
           1156.6923076923076,
           1154.6153846153845,
           1527.076923076923,
           967.4615384615385,
           1578.7692307692307
          ],
          [
           1152.5384615384614,
           1136.7692307692307,
           1277.7692307692307,
           1225.6923076923076,
           1329.076923076923,
           1296.3846153846155,
           1295.923076923077,
           1355.3846153846155,
           0,
           1225.6923076923076,
           1241.2307692307693,
           1321.2307692307693,
           1278.6153846153845,
           989.2307692307693,
           1535.3846153846155
          ],
          [
           1000.3076923076923,
           1402.076923076923,
           1508.3076923076924,
           1127.3076923076924,
           946.3076923076923,
           982.3076923076923,
           1303.3846153846155,
           927.2307692307693,
           1225.6923076923076,
           0,
           988.2307692307693,
           1437.4615384615386,
           1138.4615384615386,
           917,
           1537.1538461538462
          ],
          [
           1016.3076923076923,
           1128.3846153846155,
           1333,
           988.2307692307693,
           1058.923076923077,
           1119.3076923076924,
           1305.3846153846155,
           1156.6923076923076,
           1241.2307692307693,
           988.2307692307693,
           0,
           1381.5384615384614,
           1201,
           1058.076923076923,
           1495.6153846153845
          ],
          [
           1355.6923076923076,
           1280.6153846153845,
           1489.3846153846155,
           1437.4615384615386,
           1275.2307692307693,
           1492.6153846153845,
           1541.6923076923076,
           1154.6153846153845,
           1321.2307692307693,
           1437.4615384615386,
           1381.5384615384614,
           0,
           1543,
           1013.3076923076923,
           1600.4615384615386
          ],
          [
           1118.5384615384614,
           1469.1538461538462,
           1197.1538461538462,
           1138.4615384615386,
           1055.4615384615386,
           1365.3846153846155,
           1070.6923076923076,
           1527.076923076923,
           1278.6153846153845,
           1138.4615384615386,
           1201,
           1543,
           0,
           1273.7692307692307,
           1445.8461538461538
          ],
          [
           1045.076923076923,
           1073.923076923077,
           848.6153846153846,
           917,
           718.6153846153846,
           812.9230769230769,
           1080.5384615384614,
           967.4615384615385,
           989.2307692307693,
           917,
           1058.076923076923,
           1013.3076923076923,
           1273.7692307692307,
           0,
           969.6153846153846
          ],
          [
           1152.7692307692307,
           1441.1538461538462,
           1554.2307692307693,
           1537.1538461538462,
           1101.2307692307693,
           1129.6923076923076,
           1594.5384615384614,
           1578.7692307692307,
           1535.3846153846155,
           1537.1538461538462,
           1495.6153846153845,
           1600.4615384615386,
           1445.8461538461538,
           969.6153846153846,
           0
          ]
         ]
        }
       ],
       "layout": {
        "coloraxis": {
         "colorbar": {
          "title": {
           "text": "Distance"
          }
         },
         "colorscale": [
          [
           0,
           "rgb(246, 210, 169)"
          ],
          [
           0.16666666666666666,
           "rgb(245, 183, 142)"
          ],
          [
           0.3333333333333333,
           "rgb(241, 156, 124)"
          ],
          [
           0.5,
           "rgb(234, 129, 113)"
          ],
          [
           0.6666666666666666,
           "rgb(221, 104, 108)"
          ],
          [
           0.8333333333333334,
           "rgb(202, 82, 104)"
          ],
          [
           1,
           "rgb(177, 63, 100)"
          ]
         ]
        },
        "height": 500,
        "template": {
         "data": {
          "bar": [
           {
            "error_x": {
             "color": "#2a3f5f"
            },
            "error_y": {
             "color": "#2a3f5f"
            },
            "marker": {
             "line": {
              "color": "#E5ECF6",
              "width": 0.5
             },
             "pattern": {
              "fillmode": "overlay",
              "size": 10,
              "solidity": 0.2
             }
            },
            "type": "bar"
           }
          ],
          "barpolar": [
           {
            "marker": {
             "line": {
              "color": "#E5ECF6",
              "width": 0.5
             },
             "pattern": {
              "fillmode": "overlay",
              "size": 10,
              "solidity": 0.2
             }
            },
            "type": "barpolar"
           }
          ],
          "carpet": [
           {
            "aaxis": {
             "endlinecolor": "#2a3f5f",
             "gridcolor": "white",
             "linecolor": "white",
             "minorgridcolor": "white",
             "startlinecolor": "#2a3f5f"
            },
            "baxis": {
             "endlinecolor": "#2a3f5f",
             "gridcolor": "white",
             "linecolor": "white",
             "minorgridcolor": "white",
             "startlinecolor": "#2a3f5f"
            },
            "type": "carpet"
           }
          ],
          "choropleth": [
           {
            "colorbar": {
             "outlinewidth": 0,
             "ticks": ""
            },
            "type": "choropleth"
           }
          ],
          "contour": [
           {
            "colorbar": {
             "outlinewidth": 0,
             "ticks": ""
            },
            "colorscale": [
             [
              0,
              "#0d0887"
             ],
             [
              0.1111111111111111,
              "#46039f"
             ],
             [
              0.2222222222222222,
              "#7201a8"
             ],
             [
              0.3333333333333333,
              "#9c179e"
             ],
             [
              0.4444444444444444,
              "#bd3786"
             ],
             [
              0.5555555555555556,
              "#d8576b"
             ],
             [
              0.6666666666666666,
              "#ed7953"
             ],
             [
              0.7777777777777778,
              "#fb9f3a"
             ],
             [
              0.8888888888888888,
              "#fdca26"
             ],
             [
              1,
              "#f0f921"
             ]
            ],
            "type": "contour"
           }
          ],
          "contourcarpet": [
           {
            "colorbar": {
             "outlinewidth": 0,
             "ticks": ""
            },
            "type": "contourcarpet"
           }
          ],
          "heatmap": [
           {
            "colorbar": {
             "outlinewidth": 0,
             "ticks": ""
            },
            "colorscale": [
             [
              0,
              "#0d0887"
             ],
             [
              0.1111111111111111,
              "#46039f"
             ],
             [
              0.2222222222222222,
              "#7201a8"
             ],
             [
              0.3333333333333333,
              "#9c179e"
             ],
             [
              0.4444444444444444,
              "#bd3786"
             ],
             [
              0.5555555555555556,
              "#d8576b"
             ],
             [
              0.6666666666666666,
              "#ed7953"
             ],
             [
              0.7777777777777778,
              "#fb9f3a"
             ],
             [
              0.8888888888888888,
              "#fdca26"
             ],
             [
              1,
              "#f0f921"
             ]
            ],
            "type": "heatmap"
           }
          ],
          "heatmapgl": [
           {
            "colorbar": {
             "outlinewidth": 0,
             "ticks": ""
            },
            "colorscale": [
             [
              0,
              "#0d0887"
             ],
             [
              0.1111111111111111,
              "#46039f"
             ],
             [
              0.2222222222222222,
              "#7201a8"
             ],
             [
              0.3333333333333333,
              "#9c179e"
             ],
             [
              0.4444444444444444,
              "#bd3786"
             ],
             [
              0.5555555555555556,
              "#d8576b"
             ],
             [
              0.6666666666666666,
              "#ed7953"
             ],
             [
              0.7777777777777778,
              "#fb9f3a"
             ],
             [
              0.8888888888888888,
              "#fdca26"
             ],
             [
              1,
              "#f0f921"
             ]
            ],
            "type": "heatmapgl"
           }
          ],
          "histogram": [
           {
            "marker": {
             "pattern": {
              "fillmode": "overlay",
              "size": 10,
              "solidity": 0.2
             }
            },
            "type": "histogram"
           }
          ],
          "histogram2d": [
           {
            "colorbar": {
             "outlinewidth": 0,
             "ticks": ""
            },
            "colorscale": [
             [
              0,
              "#0d0887"
             ],
             [
              0.1111111111111111,
              "#46039f"
             ],
             [
              0.2222222222222222,
              "#7201a8"
             ],
             [
              0.3333333333333333,
              "#9c179e"
             ],
             [
              0.4444444444444444,
              "#bd3786"
             ],
             [
              0.5555555555555556,
              "#d8576b"
             ],
             [
              0.6666666666666666,
              "#ed7953"
             ],
             [
              0.7777777777777778,
              "#fb9f3a"
             ],
             [
              0.8888888888888888,
              "#fdca26"
             ],
             [
              1,
              "#f0f921"
             ]
            ],
            "type": "histogram2d"
           }
          ],
          "histogram2dcontour": [
           {
            "colorbar": {
             "outlinewidth": 0,
             "ticks": ""
            },
            "colorscale": [
             [
              0,
              "#0d0887"
             ],
             [
              0.1111111111111111,
              "#46039f"
             ],
             [
              0.2222222222222222,
              "#7201a8"
             ],
             [
              0.3333333333333333,
              "#9c179e"
             ],
             [
              0.4444444444444444,
              "#bd3786"
             ],
             [
              0.5555555555555556,
              "#d8576b"
             ],
             [
              0.6666666666666666,
              "#ed7953"
             ],
             [
              0.7777777777777778,
              "#fb9f3a"
             ],
             [
              0.8888888888888888,
              "#fdca26"
             ],
             [
              1,
              "#f0f921"
             ]
            ],
            "type": "histogram2dcontour"
           }
          ],
          "mesh3d": [
           {
            "colorbar": {
             "outlinewidth": 0,
             "ticks": ""
            },
            "type": "mesh3d"
           }
          ],
          "parcoords": [
           {
            "line": {
             "colorbar": {
              "outlinewidth": 0,
              "ticks": ""
             }
            },
            "type": "parcoords"
           }
          ],
          "pie": [
           {
            "automargin": true,
            "type": "pie"
           }
          ],
          "scatter": [
           {
            "fillpattern": {
             "fillmode": "overlay",
             "size": 10,
             "solidity": 0.2
            },
            "type": "scatter"
           }
          ],
          "scatter3d": [
           {
            "line": {
             "colorbar": {
              "outlinewidth": 0,
              "ticks": ""
             }
            },
            "marker": {
             "colorbar": {
              "outlinewidth": 0,
              "ticks": ""
             }
            },
            "type": "scatter3d"
           }
          ],
          "scattercarpet": [
           {
            "marker": {
             "colorbar": {
              "outlinewidth": 0,
              "ticks": ""
             }
            },
            "type": "scattercarpet"
           }
          ],
          "scattergeo": [
           {
            "marker": {
             "colorbar": {
              "outlinewidth": 0,
              "ticks": ""
             }
            },
            "type": "scattergeo"
           }
          ],
          "scattergl": [
           {
            "marker": {
             "colorbar": {
              "outlinewidth": 0,
              "ticks": ""
             }
            },
            "type": "scattergl"
           }
          ],
          "scattermapbox": [
           {
            "marker": {
             "colorbar": {
              "outlinewidth": 0,
              "ticks": ""
             }
            },
            "type": "scattermapbox"
           }
          ],
          "scatterpolar": [
           {
            "marker": {
             "colorbar": {
              "outlinewidth": 0,
              "ticks": ""
             }
            },
            "type": "scatterpolar"
           }
          ],
          "scatterpolargl": [
           {
            "marker": {
             "colorbar": {
              "outlinewidth": 0,
              "ticks": ""
             }
            },
            "type": "scatterpolargl"
           }
          ],
          "scatterternary": [
           {
            "marker": {
             "colorbar": {
              "outlinewidth": 0,
              "ticks": ""
             }
            },
            "type": "scatterternary"
           }
          ],
          "surface": [
           {
            "colorbar": {
             "outlinewidth": 0,
             "ticks": ""
            },
            "colorscale": [
             [
              0,
              "#0d0887"
             ],
             [
              0.1111111111111111,
              "#46039f"
             ],
             [
              0.2222222222222222,
              "#7201a8"
             ],
             [
              0.3333333333333333,
              "#9c179e"
             ],
             [
              0.4444444444444444,
              "#bd3786"
             ],
             [
              0.5555555555555556,
              "#d8576b"
             ],
             [
              0.6666666666666666,
              "#ed7953"
             ],
             [
              0.7777777777777778,
              "#fb9f3a"
             ],
             [
              0.8888888888888888,
              "#fdca26"
             ],
             [
              1,
              "#f0f921"
             ]
            ],
            "type": "surface"
           }
          ],
          "table": [
           {
            "cells": {
             "fill": {
              "color": "#EBF0F8"
             },
             "line": {
              "color": "white"
             }
            },
            "header": {
             "fill": {
              "color": "#C8D4E3"
             },
             "line": {
              "color": "white"
             }
            },
            "type": "table"
           }
          ]
         },
         "layout": {
          "annotationdefaults": {
           "arrowcolor": "#2a3f5f",
           "arrowhead": 0,
           "arrowwidth": 1
          },
          "autotypenumbers": "strict",
          "coloraxis": {
           "colorbar": {
            "outlinewidth": 0,
            "ticks": ""
           }
          },
          "colorscale": {
           "diverging": [
            [
             0,
             "#8e0152"
            ],
            [
             0.1,
             "#c51b7d"
            ],
            [
             0.2,
             "#de77ae"
            ],
            [
             0.3,
             "#f1b6da"
            ],
            [
             0.4,
             "#fde0ef"
            ],
            [
             0.5,
             "#f7f7f7"
            ],
            [
             0.6,
             "#e6f5d0"
            ],
            [
             0.7,
             "#b8e186"
            ],
            [
             0.8,
             "#7fbc41"
            ],
            [
             0.9,
             "#4d9221"
            ],
            [
             1,
             "#276419"
            ]
           ],
           "sequential": [
            [
             0,
             "#0d0887"
            ],
            [
             0.1111111111111111,
             "#46039f"
            ],
            [
             0.2222222222222222,
             "#7201a8"
            ],
            [
             0.3333333333333333,
             "#9c179e"
            ],
            [
             0.4444444444444444,
             "#bd3786"
            ],
            [
             0.5555555555555556,
             "#d8576b"
            ],
            [
             0.6666666666666666,
             "#ed7953"
            ],
            [
             0.7777777777777778,
             "#fb9f3a"
            ],
            [
             0.8888888888888888,
             "#fdca26"
            ],
            [
             1,
             "#f0f921"
            ]
           ],
           "sequentialminus": [
            [
             0,
             "#0d0887"
            ],
            [
             0.1111111111111111,
             "#46039f"
            ],
            [
             0.2222222222222222,
             "#7201a8"
            ],
            [
             0.3333333333333333,
             "#9c179e"
            ],
            [
             0.4444444444444444,
             "#bd3786"
            ],
            [
             0.5555555555555556,
             "#d8576b"
            ],
            [
             0.6666666666666666,
             "#ed7953"
            ],
            [
             0.7777777777777778,
             "#fb9f3a"
            ],
            [
             0.8888888888888888,
             "#fdca26"
            ],
            [
             1,
             "#f0f921"
            ]
           ]
          },
          "colorway": [
           "#636efa",
           "#EF553B",
           "#00cc96",
           "#ab63fa",
           "#FFA15A",
           "#19d3f3",
           "#FF6692",
           "#B6E880",
           "#FF97FF",
           "#FECB52"
          ],
          "font": {
           "color": "#2a3f5f"
          },
          "geo": {
           "bgcolor": "white",
           "lakecolor": "white",
           "landcolor": "#E5ECF6",
           "showlakes": true,
           "showland": true,
           "subunitcolor": "white"
          },
          "hoverlabel": {
           "align": "left"
          },
          "hovermode": "closest",
          "mapbox": {
           "style": "light"
          },
          "paper_bgcolor": "white",
          "plot_bgcolor": "#E5ECF6",
          "polar": {
           "angularaxis": {
            "gridcolor": "white",
            "linecolor": "white",
            "ticks": ""
           },
           "bgcolor": "#E5ECF6",
           "radialaxis": {
            "gridcolor": "white",
            "linecolor": "white",
            "ticks": ""
           }
          },
          "scene": {
           "xaxis": {
            "backgroundcolor": "#E5ECF6",
            "gridcolor": "white",
            "gridwidth": 2,
            "linecolor": "white",
            "showbackground": true,
            "ticks": "",
            "zerolinecolor": "white"
           },
           "yaxis": {
            "backgroundcolor": "#E5ECF6",
            "gridcolor": "white",
            "gridwidth": 2,
            "linecolor": "white",
            "showbackground": true,
            "ticks": "",
            "zerolinecolor": "white"
           },
           "zaxis": {
            "backgroundcolor": "#E5ECF6",
            "gridcolor": "white",
            "gridwidth": 2,
            "linecolor": "white",
            "showbackground": true,
            "ticks": "",
            "zerolinecolor": "white"
           }
          },
          "shapedefaults": {
           "line": {
            "color": "#2a3f5f"
           }
          },
          "ternary": {
           "aaxis": {
            "gridcolor": "white",
            "linecolor": "white",
            "ticks": ""
           },
           "baxis": {
            "gridcolor": "white",
            "linecolor": "white",
            "ticks": ""
           },
           "bgcolor": "#E5ECF6",
           "caxis": {
            "gridcolor": "white",
            "linecolor": "white",
            "ticks": ""
           }
          },
          "title": {
           "x": 0.05
          },
          "xaxis": {
           "automargin": true,
           "gridcolor": "white",
           "linecolor": "white",
           "ticks": "",
           "title": {
            "standoff": 15
           },
           "zerolinecolor": "white",
           "zerolinewidth": 2
          },
          "yaxis": {
           "automargin": true,
           "gridcolor": "white",
           "linecolor": "white",
           "ticks": "",
           "title": {
            "standoff": 15
           },
           "zerolinecolor": "white",
           "zerolinewidth": 2
          }
         }
        },
        "title": {
         "text": "Cow BFFs"
        },
        "width": 800,
        "xaxis": {
         "anchor": "y",
         "constrain": "domain",
         "domain": [
          0,
          1
         ],
         "scaleanchor": "y",
         "title": {
          "text": "Cow 2"
         }
        },
        "yaxis": {
         "anchor": "x",
         "autorange": "reversed",
         "constrain": "domain",
         "domain": [
          0,
          1
         ],
         "title": {
          "text": "Cow 1"
         }
        }
       }
      }
     },
     "metadata": {},
     "output_type": "display_data"
    }
   ],
   "source": [
    "pdf = df.toPandas()\n",
    "pdf = pdf.pivot(index='cow1', columns='cow2', values='distance').fillna(0)\n",
    "\n",
    "import plotly.express as px\n",
    "fig = px.imshow(pdf, x=pdf.columns, y=pdf.index, labels=dict(x=\"Cow 2\", y=\"Cow 1\", color=\"Distance\"), title=\"Cow BFFs\", color_continuous_scale='redor')\n",
    "px.imshow(pdf, x=pdf.columns, y=pdf.index, labels=dict(x=\"Cow 2\", y=\"Cow 1\", color=\"Distance\"),)\n",
    "\n",
    "fig.update_layout(width=800,height=500)\n",
    "fig.show()\n"
   ]
  }
 ],
 "metadata": {
  "application/vnd.databricks.v1+notebook": {
   "dashboards": [],
   "language": "python",
   "notebookMetadata": {
    "mostRecentlyExecutedCommandWithImplicitDF": {
     "commandId": 1024381266358228,
     "dataframes": [
      "_sqldf"
     ]
    },
    "pythonIndentUnit": 2
   },
   "notebookName": "Cow BFF",
   "widgets": {}
  },
  "kernelspec": {
   "display_name": ".venv",
   "language": "python",
   "name": "python3"
  },
  "language_info": {
   "codemirror_mode": {
    "name": "ipython",
    "version": 3
   },
   "file_extension": ".py",
   "mimetype": "text/x-python",
   "name": "python",
   "nbconvert_exporter": "python",
   "pygments_lexer": "ipython3",
   "version": "3.10.12"
  }
 },
 "nbformat": 4,
 "nbformat_minor": 0
}
